0 0.175882 0.092593 0.323529 0.171076
0 0.524118 0.092593 0.335294 0.181658
0 0.837647 0.086420 0.275294 0.165785
0 0.168235 0.285273 0.317647 0.177249
0 0.520000 0.287478 0.336471 0.181658
0 0.852941 0.285714 0.277647 0.185185
0 0.165882 0.481481 0.327059 0.176367
0 0.524118 0.484127 0.335294 0.185185
0 0.852353 0.483686 0.285882 0.186067
0 0.168235 0.684744 0.329412 0.179012
0 0.521765 0.682981 0.344706 0.191358
0 0.852941 0.704145 0.272941 0.228395
0 0.172353 0.893739 0.340000 0.203704
0 0.529412 0.895503 0.343529 0.200176
0 0.857647 0.918430 0.282353 0.163139
